City,Cloudiness,Country,Date,Humidity,Latitude,Longitude,Max Temperature,Wind Speed
Rikitea,80,PF,1583711819,85,-23.12,-134.97,78.89,16.75
Ushuaia,75,AR,1583711820,76,-54.8,-68.3,48.2,26.4
Clyde River,90,CA,1583711821,74,70.47,-68.59,-22.0,27.51
Albany,1,US,1583711822,36,42.6,-73.97,50.0,3.36
Punta Arenas,40,CL,1583711823,71,-53.15,-70.92,51.8,23.04
Jamestown,1,US,1583711825,25,42.1,-79.24,53.6,10.29
Mataura,4,NZ,1583711827,86,-46.19,168.86,66.0,3.0
São Filipe,44,CV,1583711828,80,14.9,-24.5,70.9,11.54
Cap Malheureux,75,MU,1583711543,83,-19.98,57.61,79.0,13.87
Port Alfred,100,ZA,1583711830,94,-33.59,26.89,66.99,1.99
Saskylakh,87,RU,1583711831,98,71.92,114.08,-27.71,2.46
Souillac,75,MU,1583711833,83,-20.52,57.52,79.0,13.87
Hong Kong,40,HK,1583711836,78,22.29,114.16,75.2,14.99
Iqaluit,90,CA,1583711837,75,63.75,-68.51,-14.8,35.57
Hobart,75,AU,1583711838,54,-42.88,147.33,57.99,9.17
Upernavik,100,GL,1583711839,97,72.79,-56.15,-7.8,11.16
San Patricio,40,MX,1583711840,74,19.22,-104.7,82.4,17.22
Arrondissement de Nogent-le-Rotrou,20,FR,1583711841,87,48.33,1.0,43.0,10.29
Progreso,75,MX,1583711842,42,21.28,-89.67,84.2,17.22
Butaritari,50,KI,1583711843,77,3.07,172.79,84.83,16.89
Avarua,100,CK,1583711755,83,-21.21,-159.78,82.4,6.93
Dukat,100,RU,1583711846,82,62.55,155.55,5.94,7.67
Nikolskoye,0,RU,1583711847,80,59.7,30.79,30.2,2.24
Shaghat,0,AM,1583711848,69,39.56,45.91,39.2,4.7
Castro,9,BR,1583711849,92,-24.79,-50.01,59.99,3.13
Mehamn,72,NO,1583711850,92,71.04,27.85,28.02,12.93
Alangāyam,0,IN,1583711851,93,12.6,78.75,69.84,1.19
Bluff,10,NZ,1583711852,86,-46.6,168.33,66.0,3.0
Bossangoa,5,CF,1583711854,25,6.49,17.46,74.5,4.63
East London,96,ZA,1583711855,78,-33.02,27.91,74.57,8.21
Puerto Ayora,40,EC,1583711857,79,-0.74,-90.35,84.2,5.82
Yulara,0,AU,1583711858,31,-25.24,130.99,78.8,16.11
Vanavara,100,RU,1583711859,96,60.34,102.28,7.11,4.14
Itoman,75,JP,1583711860,83,26.12,127.67,71.6,13.87
Hilo,1,US,1583711861,44,19.73,-155.09,78.8,14.99
Tuktoyaktuk,75,CA,1583711862,75,69.45,-133.04,-14.8,9.17
Turukhansk,33,RU,1583711864,85,65.82,87.98,-9.98,6.29
Florø,100,NO,1583711865,87,61.6,5.03,44.6,21.92
Sur,0,OM,1583711866,61,22.57,59.53,66.52,11.56
Saint-Joseph,100,RE,1583711867,69,-21.37,55.62,78.8,27.51
Kota Bharu,20,MY,1583711868,88,6.13,102.24,75.2,2.24
Khatanga,73,RU,1583711869,87,71.97,102.5,-26.86,3.02
Whitehorse,90,CA,1583711871,63,60.72,-135.05,26.6,11.41
Labuhan,92,ID,1583711872,91,-6.88,112.21,76.55,4.94
Najrān,17,SA,1583711874,22,17.49,44.13,68.0,4.7
Riberalta,75,BO,1583711875,83,-10.98,-66.1,80.6,6.93
Vaini,75,TO,1583711876,70,-21.2,-175.2,84.2,5.82
Pergamino,39,AR,1583711877,57,-33.89,-60.57,84.0,4.0
Cayenne,84,GF,1583711878,78,4.93,-52.33,78.8,4.7
Kiruna,90,SE,1583711879,98,67.86,20.23,32.0,9.17
Derventa,50,BA,1583711880,91,44.98,17.91,37.0,2.24
Ponta do Sol,20,PT,1583711881,67,32.67,-17.1,60.8,16.11
Qaanaaq,92,GL,1583711882,99,77.48,-69.36,-25.8,2.26
Banjarmasin,81,ID,1583711884,83,-3.32,114.59,79.14,5.46
Fort Nelson,75,CA,1583711885,45,58.81,-122.7,26.6,2.24
Gummidipundi,40,IN,1583711887,88,13.4,80.15,78.01,5.41
New Norfolk,75,AU,1583711888,54,-42.78,147.06,57.99,9.17
Beatrice,1,US,1583711889,52,40.27,-96.75,66.99,26.4
Ribeira Grande,80,PT,1583711890,96,38.52,-28.7,60.8,11.9
Lebu,48,CL,1583711891,71,-37.62,-73.65,55.63,8.66
Busselton,3,AU,1583711893,44,-33.65,115.33,69.01,13.35
Caravelas,100,BR,1583711894,82,-17.71,-39.25,80.08,14.65
Kuytun,100,RU,1583711895,81,54.34,101.5,13.73,10.27
Dicabisagan,17,PH,1583711896,74,17.08,122.42,79.83,4.79
Kapaa,40,US,1583711897,64,22.08,-159.32,75.2,20.8
Arraial do Cabo,62,BR,1583711899,81,-22.97,-42.03,76.15,11.21
Hermanus,92,ZA,1583711900,90,-34.42,19.23,64.99,1.99
Lüderitz,63,NA,1583711901,37,-26.65,15.16,82.4,20.8
Guerrero Negro,100,MX,1583711786,51,27.98,-114.06,63.14,7.18
Kānt,0,IN,1583711904,78,27.8,79.8,55.76,8.32
Fortuna,20,US,1583711905,50,40.6,-124.16,55.0,6.93
Santa Fe,14,AR,1583711907,53,-31.63,-60.7,87.01,1.01
Cape Town,20,ZA,1583711908,72,-33.93,18.42,66.2,21.92
Provideniya,84,RU,1583711909,91,64.38,-173.3,-1.66,0.58
Rawson,0,AR,1583711910,65,-43.3,-65.1,62.94,7.31
Saint George,1,US,1583711911,47,37.1,-113.58,64.0,3.36
Thyborøn,0,DK,1583711913,60,56.7,8.21,43.0,1.99
Opportunity,20,US,1583711915,39,47.65,-117.24,45.0,8.05
Port Blair,3,IN,1583711916,70,11.67,92.75,79.3,12.03
Capitão Poço,100,BR,1583711917,98,-1.75,-47.06,74.79,4.41
Yomou,94,GN,1583711918,93,7.56,-9.27,75.13,2.59
Anadyr,6,RU,1583711884,75,64.75,177.48,-13.0,8.95
Caborca,100,MX,1583711922,74,30.58,-111.1,64.99,1.01
Boralday,20,KZ,1583711923,92,43.36,76.86,17.6,4.47
Madison,1,US,1583711241,25,34.73,-86.57,64.4,8.05
Tipp City,1,US,1583711926,22,39.96,-84.17,62.6,8.05
Makkah al Mukarramah,50,SA,1583711927,14,21.43,39.83,74.93,10.98
Greytown,6,ZA,1583711928,85,-29.06,30.59,57.47,2.13
Yellowknife,20,CA,1583711929,77,62.46,-114.35,3.2,16.11
Pisco,75,PE,1583711892,30,-13.7,-76.22,72.0,17.22
Nishihara,75,JP,1583711933,83,26.18,127.76,71.6,13.87
Dalvik,75,IS,1583711934,73,65.97,-18.53,23.0,4.7
Payo,78,ID,1583711935,83,-3.75,103.64,69.46,3.47
Yola,87,NG,1583711936,10,9.2,12.48,83.3,1.66
Moussoro,15,TD,1583711937,12,13.64,16.49,85.32,13.73
Tignère,88,CM,1583711938,20,7.37,12.65,70.74,1.5
Hasaki,75,JP,1583711939,81,35.73,140.83,52.0,14.99
Bengkulu,91,ID,1583711941,93,-3.8,102.27,73.96,0.58
Bethel,1,US,1583711942,22,41.37,-73.41,55.99,5.82
Babu,69,CN,1583711945,92,24.42,111.52,68.9,3.2
Frontignan,81,FR,1583711946,71,43.45,3.75,55.0,10.29
Tasiilaq,100,GL,1583711947,67,65.61,-37.64,17.6,19.46
Algiers,20,DZ,1583711948,87,36.75,3.04,44.6,5.55
Manggar,70,ID,1583711949,82,-2.88,108.27,80.83,6.58
Saint-Philippe,100,RE,1583711952,69,-21.36,55.77,78.8,27.51
Atuona,0,PF,1583711953,63,-9.8,-139.03,81.91,11.39
Yuli,99,NG,1583711954,10,9.7,10.27,82.83,5.48
Sūlam,3,IL,1583711955,57,32.61,35.33,58.84,2.64
Dikson,88,RU,1583711956,70,73.51,80.55,-16.71,6.17
Honiara,90,SB,1583711747,94,-9.43,159.95,80.6,3.78
Dunedin,0,NZ,1583711958,80,-45.87,170.5,59.58,8.72
Tigil',99,RU,1583711960,80,57.8,158.67,13.24,11.61
Bambous Virieux,75,MU,1583711961,83,-20.34,57.76,79.0,13.87
Cidreira,20,BR,1583711962,86,-30.18,-50.21,74.64,21.41
Charter Township of Clinton,1,US,1583711963,33,42.59,-82.92,59.0,11.41
Carnarvon,6,AU,1583711964,88,-24.87,113.63,73.4,9.17
Sisimiut,81,GL,1583711965,45,66.94,-53.67,2.08,8.32
Río Gallegos,75,AR,1583711966,44,-51.62,-69.22,59.0,23.04
Ust'-Omchug,94,RU,1583711967,90,61.15,149.63,1.8,2.06
Kutum,35,SD,1583711968,19,14.2,24.67,65.05,5.14
Muisne,75,EC,1583711970,94,0.6,-80.03,80.6,3.36
Mar del Plata,81,AR,1583711971,77,-38.0,-57.56,69.01,10.29
Lubao,75,PH,1583711972,88,14.92,120.55,82.99,4.7
Marsaxlokk,75,MT,1583711973,81,35.84,14.54,54.0,3.36
Ramotswa,44,BW,1583711974,68,-24.87,25.87,64.4,3.36
Ancud,20,CL,1583711975,82,-41.87,-73.82,55.4,3.36
Soller,99,ES,1583711976,76,39.77,2.72,55.0,2.24
Barrow,75,US,1583711977,83,71.29,-156.79,-14.8,5.82
Penzance,24,GB,1583711978,75,50.12,-5.54,46.99,24.16
Sitka,90,US,1583711980,96,57.05,-135.33,37.4,8.05
Muros,40,ES,1583711981,93,42.78,-9.06,54.0,3.36
Strezhevoy,90,RU,1583711982,86,60.73,77.59,28.4,6.71
Arrondissement de Saint-Denis,40,FR,1583711983,81,48.92,2.33,44.6,10.29
Kiryat Gat,1,IL,1583711984,77,31.61,34.76,63.0,2.24
Chokurdakh,100,RU,1583711985,97,70.63,147.92,-5.51,7.34
Gorontalo,100,ID,1583711986,82,0.54,123.06,78.55,2.91
Yangjiang,100,CN,1583711987,81,21.85,111.97,73.99,6.93
Tiksi,100,RU,1583711989,95,71.69,128.87,-21.75,2.68
Alice Springs,0,AU,1583711781,36,-23.7,133.88,77.0,10.29
Oranjestad,20,AW,1583711825,74,12.52,-70.03,80.6,19.46
Tocopilla,67,CL,1583711992,48,-22.09,-70.2,59.88,1.86
Zhigansk,71,RU,1583711993,96,66.77,123.37,-25.8,8.46
Kilrush,40,IE,1583711994,81,52.64,-9.48,44.6,18.34
Bredasdorp,100,ZA,1583711995,77,-34.53,20.04,66.2,6.93
George Town,20,MY,1583711996,88,5.41,100.34,80.6,2.77
Kavaratti,30,IN,1583711997,68,10.57,72.64,81.84,3.83
Norman Wells,75,CA,1583712000,51,65.28,-126.83,10.4,8.05
San Roque,66,ES,1583712001,51,36.21,-5.38,62.6,11.41
Omboué,17,GA,1583712002,94,-1.57,9.26,75.99,0.58
Atasū,19,KZ,1583712004,31,48.68,71.64,6.53,3.49
La Santisima Trinidad,20,BO,1583712005,74,-14.83,-64.9,87.8,3.67
Hamilton,1,US,1583711883,25,39.18,-84.53,64.4,8.05
San Cristobal,75,VE,1583712008,58,7.77,-72.22,84.2,4.7
Mayo,5,US,1583712011,42,38.89,-76.51,59.0,8.05
Peto,75,MX,1583712012,57,20.13,-88.92,76.33,4.72
Leningradskiy,0,RU,1583712013,77,69.38,178.42,-8.73,5.12
Yeppoon,40,AU,1583712014,74,-23.13,150.73,80.6,12.75
Solnechnyy,100,RU,1583712015,86,50.72,136.63,24.55,3.11
Kampot,20,KH,1583712016,88,10.62,104.18,77.0,2.24
Ossora,50,RU,1583712017,69,59.24,163.07,3.67,3.51
Namatanai,100,PG,1583712018,82,-3.67,152.43,82.31,15.68
Kumul,1,CN,1583712020,51,42.8,93.45,19.36,1.28
Tonekābon,1,IR,1583712021,87,36.82,50.87,44.6,2.24
Syracuse,40,IT,1583712023,93,37.09,15.28,48.0,6.93
Leshukonskoye,51,RU,1583712024,94,64.9,45.76,25.03,7.58
Kavieng,97,PG,1583712025,92,-2.57,150.8,79.57,19.1
Falkensee,20,DE,1583712026,75,52.57,13.08,46.0,8.05
Kaitangata,0,NZ,1583712027,86,-46.28,169.85,58.24,7.09
Soma,42,TR,1583712028,93,39.19,27.61,50.0,2.08
Anchorage,90,US,1583712030,85,61.22,-149.9,28.99,4.7
Vestmannaeyjar,1,IS,1583712031,74,63.44,-20.27,29.41,10.16
Hithadhoo,91,MV,1583712032,66,-0.6,73.08,83.26,9.15
Ulladulla,75,AU,1583711832,63,-35.35,150.47,66.2,11.41
Talnakh,0,RU,1583712034,57,69.49,88.4,-13.0,4.47
Marrakesh,61,MA,1583711886,47,31.63,-8.01,59.0,4.7
Ludza,95,LV,1583712036,86,56.55,27.72,37.98,4.52
El Dorado,1,US,1583712037,70,33.21,-92.67,68.0,6.93
Taveta,99,KE,1583712039,90,-3.4,37.67,72.14,2.35
Cao Bang,2,VN,1583712040,89,22.67,106.25,67.12,0.38
Marawi,32,PH,1583712041,80,8.0,124.29,78.01,3.0
Baykit,100,RU,1583712042,97,61.67,96.37,6.01,1.68
Achit,100,RU,1583712044,93,56.8,57.9,29.73,12.64
Tiznit Province,14,MA,1583712045,31,29.58,-9.5,59.29,1.63
Grindavik,19,IS,1583712046,73,63.84,-22.43,24.8,10.29
Nanortalik,100,GL,1583712047,83,60.14,-45.24,25.41,7.31
Beringovskiy,9,RU,1583712049,90,63.05,179.32,-7.24,5.55
Tezu,63,IN,1583712050,64,27.92,96.17,58.51,1.81
Cherskiy,100,RU,1583712051,75,68.75,161.3,-2.52,11.72
La Paz,40,BO,1583711805,84,-16.5,-68.15,53.6,11.41
Saint Anthony,1,US,1583712054,58,45.02,-93.22,59.0,6.93
Te Anau,66,NZ,1583712055,81,-45.42,167.72,57.58,2.71
Nuuk,0,GL,1583712056,51,64.18,-51.72,14.0,3.36
El Paso,75,US,1583712058,93,31.76,-106.49,60.8,10.29
Balabac,2,PH,1583712059,77,7.99,117.06,80.87,4.16
Mount Isa,6,AU,1583712060,37,-20.73,139.5,82.4,12.75
Athabasca,99,CA,1583711831,91,54.72,-113.29,11.7,6.42
Port Hedland,37,AU,1583712062,69,-20.32,118.57,82.4,6.93
Esperance,40,AU,1583712064,72,-33.87,121.9,64.4,10.29
Fairbanks,90,US,1583712066,67,64.84,-147.72,24.01,4.7
Bathsheba,40,BB,1583712068,69,13.22,-59.52,78.8,13.87
São João da Barra,24,BR,1583712069,88,-21.64,-41.05,73.4,3.36
Wawa,11,NG,1583712070,34,9.9,4.42,86.29,4.03
Salalah,1,OM,1583712034,60,17.02,54.09,71.6,3.36
Waipawa,97,NZ,1583712073,82,-41.41,175.52,66.2,23.04
Luebo,74,CD,1583712075,99,-5.35,21.42,70.68,2.77
Riyadh,0,SA,1583711996,38,24.69,46.72,59.0,9.17
Kjøllefjord,74,NO,1583712077,84,70.95,27.35,29.3,8.23
Vytegra,91,RU,1583712078,93,61.01,36.45,27.14,3.38
Los Llanos de Aridane,75,ES,1583712079,72,28.66,-17.92,73.0,13.87
Oranjemund,13,NA,1583712080,88,-28.55,16.43,62.62,12.15
Mastic Beach,1,US,1583711858,70,40.77,-72.85,50.0,9.17
Samut Songkhram,58,TH,1583712082,75,13.41,100.0,75.0,2.44
Marsh Harbour,100,BS,1583712084,67,26.54,-77.06,66.83,27.85
Alta Floresta,100,BR,1583712085,98,-9.88,-56.09,72.32,5.73
Ostrovnoy,100,RU,1583712087,79,68.05,39.51,28.45,25.66
Imeni Poliny Osipenko,69,RU,1583712088,78,52.42,136.49,17.19,4.25
Thompson,90,CA,1583711967,44,55.74,-97.86,-4.0,12.75
Mogocha,67,RU,1583712090,92,53.73,119.77,-1.01,1.3
Mahébourg,75,MU,1583712006,83,-20.41,57.7,79.0,13.87
Kahului,20,US,1583712092,60,20.89,-156.47,78.8,32.21
Taft,75,IR,1583712094,16,31.75,54.21,50.0,13.87
Abbeville,1,FR,1583712095,87,50.1,1.83,46.4,10.29
Laguna,90,US,1583712054,62,38.42,-121.42,62.01,5.82
Kununurra,20,AU,1583712097,62,-15.77,128.73,86.0,6.93
Lavrentiya,0,RU,1583712098,85,65.58,-171.0,-4.77,1.16
Sambava,100,MG,1583712099,97,-14.27,50.17,72.73,2.71
Gizo Government Station,92,SB,1583712100,77,-8.1,156.84,82.8,7.0
Shanhecun,100,CN,1583712101,89,44.7,127.2,22.91,7.7
San Quintín,0,MX,1583712102,68,30.48,-115.95,61.77,12.1
Severo-Kuril'sk,40,RU,1583712104,90,50.68,156.12,26.53,7.9
Arsk,90,RU,1583712106,99,56.09,49.88,35.6,8.95
Nola,40,IT,1583712107,87,40.92,14.53,52.0,2.24
Yakeshi,10,CN,1583712108,99,49.28,120.73,-8.16,4.63
Poum,100,NC,1583712109,80,-20.23,164.02,81.68,19.44
Shache,100,CN,1583712110,63,38.42,77.24,41.41,11.18
Cabo San Lucas,90,MX,1583712012,61,22.89,-109.91,82.4,8.05
Kruisfontein,79,ZA,1583712113,91,-34.0,24.73,61.36,0.92
Owando,89,CG,1583712114,91,-0.48,15.9,74.34,1.77
Forsytheganj,35,BY,1583712115,79,52.63,29.73,40.06,3.85
Katsuura,75,JP,1583712116,81,35.13,140.3,54.0,17.22
Lethem,100,GY,1583712118,44,3.38,-59.8,86.32,19.8
Lorengau,77,PG,1583712121,78,-2.02,147.27,83.62,12.8
Danilov,90,RU,1583712122,86,58.19,40.17,33.8,13.42
Tarauacá,66,BR,1583712123,94,-8.16,-70.77,74.88,0.4
Nsukka,75,NG,1583712124,62,6.86,7.39,87.8,5.77
Waingapu,97,ID,1583712125,72,-9.66,120.26,82.36,4.16
Vardø,75,NO,1583712126,86,70.37,31.11,33.8,16.11
Buraidah,0,SA,1583712127,62,26.33,43.98,53.6,2.24
Port Elizabeth,40,ZA,1583712007,93,-33.92,25.57,64.4,6.93
Neverkino,100,RU,1583712130,93,52.79,46.74,36.48,6.29
Yen Bai,43,VN,1583712132,77,21.7,104.87,71.98,1.32
Shaunavon,0,CA,1583712134,78,49.65,-108.42,19.6,2.62
High River,75,CA,1583712135,67,50.58,-113.87,21.0,8.05
Mt. Pleasant,1,US,1583711895,71,32.79,-79.86,57.99,4.83
Mossamedes,48,AO,1583712140,83,-15.2,12.15,76.35,6.02
Borovskiy,90,RU,1583712141,80,57.04,65.72,33.8,11.18
Faanui,68,PF,1583712142,70,-16.48,-151.75,83.32,6.87
Alibag,0,IN,1583712143,73,18.64,72.88,73.4,4.7
Mendoza,0,AR,1583711905,37,-32.89,-68.83,86.0,4.7
Mountain Home,40,US,1583712000,34,43.13,-115.69,52.0,4.05
Eyl,49,SO,1583712146,75,7.98,49.82,77.36,14.47
Tanete,100,ID,1583712148,83,-3.94,119.78,80.22,2.3
Pevek,24,RU,1583712150,85,69.7,170.31,-7.55,6.62
Verkhnevilyuysk,100,RU,1583712151,96,63.45,120.32,-19.03,4.38
Chapais,90,CA,1583712152,78,49.78,-74.85,10.4,5.82
Gornopravdinsk,100,RU,1583712154,96,60.05,69.9,27.48,7.54
Longyearbyen,40,SJ,1583712155,70,78.22,15.64,1.4,8.05
Havøysund,75,NO,1583712156,80,71.0,24.66,33.8,19.46
Turbat,0,PK,1583712157,63,26.0,63.04,61.29,1.05
Paita,40,PE,1583712158,100,-5.09,-81.11,62.6,8.05
Faya,0,SA,1583712159,28,18.39,42.45,59.0,5.01
Pionki,82,PL,1583712160,76,51.48,21.45,43.0,3.42
Meulaboh,48,ID,1583712161,78,4.14,96.13,82.76,7.29
Paamiut,73,GL,1583712162,61,61.99,-49.67,13.8,4.36
Burnie,99,AU,1583712164,60,-41.07,145.92,61.0,1.99
La Ronge,75,CA,1583712165,64,55.1,-105.28,-2.2,9.17
Giyani,4,ZA,1583712166,87,-23.3,30.72,64.78,4.43
Brawley,1,US,1583712080,25,32.98,-115.53,75.2,17.22
Lagoa,78,PT,1583712168,92,39.05,-27.98,62.85,15.79
St. George's,20,GD,1583712170,69,12.06,-61.75,78.8,11.41
Saint Paul Harbor,75,US,1583712171,69,57.79,-152.41,39.2,11.25
Coahuayana Viejo,40,MX,1583712174,61,18.73,-103.68,82.4,5.88
Krasnosel'kup,100,RU,1583712175,95,65.7,82.47,1.81,13.04
Coyhaique,20,CL,1583711992,58,-45.58,-72.07,55.4,5.82
Vestmanna,98,FO,1583712177,88,62.16,-7.17,35.6,16.11
Constitución,9,CL,1583712178,81,-35.33,-72.42,55.08,7.56
Mahon,75,ES,1583712179,93,39.89,4.27,51.8,4.7
Kupang,40,ID,1583712180,100,-10.17,123.58,77.0,3.36
Pochutla,75,MX,1583712181,38,15.74,-96.47,91.4,11.41
Kremnica,0,SK,1583712183,86,48.71,18.92,30.99,1.12
Yaan,86,NG,1583712184,48,7.38,8.57,83.93,4.21
Ketchikan,40,US,1583712185,74,55.34,-131.65,39.2,13.87
Buchanan,80,LR,1583712186,84,5.88,-10.05,79.23,2.39
Half Moon Bay,75,US,1583712188,71,37.46,-122.43,60.8,11.41
Sørland,100,NO,1583712189,88,67.67,12.69,43.14,19.69
Kirakira,100,SB,1583712190,74,-10.45,161.92,83.52,5.53
Shelburne,1,CA,1583712191,49,44.08,-80.2,50.0,6.93
Osa,100,RU,1583712193,97,57.28,55.46,33.55,10.49
Husavik,75,IS,1583712194,73,66.04,-17.34,23.0,4.7
Talavera,75,PH,1583712195,88,15.62,120.93,78.8,4.7
Grand-Lahou,17,CI,1583712197,80,5.14,-5.02,83.64,9.98
Assiut,0,EG,1583712198,55,27.18,31.18,62.6,4.76
Raymondville,75,US,1583712199,50,26.48,-97.78,77.0,18.34
Kirkwall,21,GB,1583712200,86,58.98,-2.96,42.01,13.87
Bonthe,12,SL,1583712201,84,7.53,-12.51,80.78,7.72
Coquimbo,20,CL,1583712203,88,-29.95,-71.34,62.6,10.29
Aykhal,100,RU,1583712204,73,66.0,111.5,-31.0,6.71
Egvekinot,0,RU,1583712205,88,66.32,-179.17,-6.03,1.48
Mandera,76,KE,1583712010,65,3.94,41.87,79.5,17.34
Rauma,90,FI,1583712207,75,61.13,21.51,41.0,16.11
Havre-St-Pierre,1,CA,1583712208,28,50.23,-63.6,19.4,19.46
Itarema,100,BR,1583712209,88,-2.92,-39.92,77.61,3.56
Mogadishu,25,SO,1583712210,80,2.04,45.34,80.11,15.32
Road Town,40,VG,1583712132,78,18.42,-64.62,77.0,4.7
Charters Towers,50,AU,1583712213,67,-20.1,146.27,82.92,9.73
Bowen,75,AU,1583712214,83,-20.02,148.23,89.01,6.93
Quatre Cocos,75,MU,1583712215,83,-20.21,57.76,79.0,13.87
Torbay,90,CA,1583712216,79,47.67,-52.73,26.01,21.92
Saryg-Sep,100,RU,1583712217,97,51.5,95.6,2.23,1.7
Aleksandrov Gay,0,RU,1583712218,61,50.15,48.57,34.59,9.04
Hambantota,60,LK,1583712219,83,6.12,81.12,78.44,14.09
Exeter,20,GB,1583711929,81,50.72,-3.53,46.0,8.05
El Peñón,35,CO,1583712222,38,8.99,-73.95,89.42,5.01
Flinders,75,AU,1583712224,63,-34.58,150.86,72.0,11.41
Tuatapere,43,NZ,1583712225,83,-46.13,167.68,66.99,3.0
Huilong,100,CN,1583712226,97,31.81,121.66,55.99,14.56
Mpika,38,ZM,1583712227,96,-11.83,31.45,62.67,7.96
Shaowu,100,CN,1583712228,97,27.34,117.48,60.73,1.48
Majene,100,ID,1583712229,79,-3.54,118.97,80.33,2.13
Chon Daen,20,TH,1583712231,100,16.19,100.86,78.01,0.92
Arman',100,RU,1583712232,93,59.7,150.17,16.07,7.4
Adeje,0,ES,1583712233,82,28.12,-16.73,66.99,9.17
Amalāpuram,1,IN,1583712234,96,16.58,82.02,71.38,1.45
Caconda,91,AO,1583712235,84,-13.73,15.07,60.94,2.86
Tura,0,IN,1583712236,64,25.52,90.22,61.92,2.73
Maniwaki,100,CA,1583712237,96,46.38,-75.97,31.77,3.83
Morgan City,20,US,1583712238,60,29.7,-91.21,68.0,8.05
Isangel,75,VU,1583712239,78,-19.55,169.27,87.8,5.82
Kamogawa,75,JP,1583712241,81,35.1,140.1,54.0,17.22
Albion,1,US,1583712242,28,42.24,-84.75,57.2,6.93
Sioux Lookout,90,CA,1583712243,72,50.1,-91.92,17.6,8.05
Shablykino,74,RU,1583712244,81,52.86,35.2,40.62,3.83
Kaura Namoda,1,NG,1583712245,10,12.59,6.58,79.47,8.25
Monte Patria,0,CL,1583712246,65,-30.69,-70.95,64.51,2.21
Anaconda,90,US,1583712247,41,46.13,-112.94,39.2,10.29
Kampene,100,CD,1583712248,99,-3.6,26.67,68.67,1.97
Walvis Bay,0,NA,1583712250,88,-22.96,14.51,64.4,2.24
Makakilo City,90,US,1583711975,64,21.35,-158.09,77.0,16.11
Kolokani,43,ML,1583712252,8,13.57,-8.03,78.87,3.38
Sakakah,0,SA,1583712253,43,29.97,40.21,55.4,2.08
Papayal,52,PE,1583712254,89,-4.08,-80.74,74.19,3.8
Klaksvík,100,FO,1583712255,83,62.23,-6.59,35.6,16.11
Tandil,58,AR,1583712002,72,-37.32,-59.13,68.0,7.0
Ubari,0,LY,1583712006,21,26.59,12.78,52.5,8.3
Dingle,98,PH,1583712259,86,11.0,122.67,78.8,5.97
College,90,US,1583712260,67,64.86,-147.8,23.0,4.7
Edendale,50,ZA,1583712261,85,-29.65,30.31,69.01,2.42
Manturovo,100,RU,1583712262,94,58.34,44.76,33.67,5.99
West Wendover,75,US,1583712263,32,40.74,-114.07,53.6,4.7
Antofagasta,63,CL,1583712264,73,-23.65,-70.4,71.6,10.29
Linguère,85,SN,1583712265,7,15.4,-15.12,83.19,7.31
Toppenish,1,US,1583712266,29,46.38,-120.31,52.0,3.36
Portland,75,US,1583712001,39,45.52,-122.68,51.01,9.17
Rudnogorsk,100,RU,1583712269,92,57.26,103.75,11.17,10.33
Dīr,84,PK,1583712270,63,35.21,71.88,31.73,9.86
Fomboni,100,KM,1583712271,79,-12.28,43.74,83.68,8.03
Roebourne,0,AU,1583712272,15,-20.78,117.13,93.09,8.39
Amudat,66,UG,1583712273,71,1.95,34.95,72.07,3.02
Zatoka,96,UA,1583712274,93,46.07,30.47,48.2,8.88
Jumla,0,NP,1583712275,34,29.27,82.18,26.85,6.53
Bandarbeyla,14,SO,1583712277,71,9.49,50.81,76.96,10.13
Sumbe,100,AO,1583712278,88,-11.21,13.84,78.53,2.28
Oruzgan,100,AF,1583712279,56,32.83,66.0,37.49,1.19
Kiama,75,AU,1583712018,63,-34.68,150.87,70.0,11.41
Opuwo,0,NA,1583712281,58,-18.06,13.84,66.65,2.57
Palmer,20,US,1583712282,25,42.16,-72.33,51.8,3.36
Pacific Grove,1,US,1583712234,54,36.62,-121.92,59.0,13.87
Geraldton,40,AU,1583712286,83,-28.77,114.6,73.4,3.36
Erzin,22,TR,1583712287,100,36.96,36.2,57.0,4.7
Ilulissat,60,GL,1583712288,54,69.22,-51.1,3.2,2.24
Santa Rosa,20,PH,1583712216,78,14.31,121.11,84.99,4.7
Kushima,40,JP,1583712290,87,31.46,131.23,50.0,6.93
Pangnirtung,100,CA,1583712291,91,66.15,-65.71,-13.95,14.67
Warrnambool,33,AU,1583712292,79,-38.38,142.48,61.0,16.8
Cranbourne,20,AU,1583712293,67,-38.1,145.28,66.0,12.75
Copala,0,MX,1583712295,73,16.65,-98.98,80.98,12.82
Sai Buri,100,TH,1583712296,84,6.7,101.62,73.31,1.7
Jacareacanga,100,BR,1583712297,99,-6.22,-57.75,72.54,1.72
Jalu,100,LY,1583712298,56,29.03,21.55,59.23,22.48
Obihiro,75,JP,1583712146,85,42.92,143.2,23.0,1.12
Mariakani,100,KE,1583712300,86,-3.86,39.47,77.74,1.57
Lompoc,40,US,1583712301,38,34.64,-120.46,62.6,14.99
‘Āhuimanu,90,US,1583712303,64,21.44,-157.84,77.0,16.11
Winnemucca,75,US,1583712305,29,40.97,-117.74,51.8,3.36
Vao,50,NC,1583712306,79,-22.67,167.48,80.42,13.56
Vostok,100,RU,1583712307,97,46.49,135.88,30.36,6.89
Gobabis,0,NA,1583712308,72,-22.45,18.97,60.8,1.12
Aklavik,40,CA,1583712309,53,68.22,-135.01,-4.0,3.36
Sinazongwe,0,ZM,1583712310,78,-17.26,27.46,73.42,3.94
Assiniboia,17,CA,1583712313,70,49.63,-105.98,20.88,6.49
Engel-Yurt,76,RU,1583712314,93,43.33,46.36,39.2,2.24
Luxor,0,EG,1583712315,40,25.7,32.64,68.0,5.82
Rio Grande,0,BR,1583712316,77,-32.03,-52.1,77.0,1.99
Lubango,14,AO,1583712318,80,-14.92,13.49,60.37,1.72
Kampong Chhnang,67,KH,1583712319,71,12.17,104.55,80.08,4.74
Tucumã,97,BR,1583712321,82,-0.18,-50.05,77.02,10.89
Manono,100,CD,1583712322,98,-7.3,27.42,69.73,5.1
Maceió,89,BR,1583712115,83,-9.67,-35.74,78.8,4.7
Yadgir,82,IN,1583712324,68,16.77,77.13,77.25,9.64
Inhambane,5,MZ,1583712325,75,-23.86,35.38,78.46,13.71
Ulagan,66,RU,1583712327,86,50.63,87.96,5.97,4.23
Guarapari,75,BR,1583712328,94,-20.67,-40.5,75.2,3.36
Araouane,22,ML,1583712330,11,18.9,-3.53,76.62,13.27
Port Lincoln,100,AU,1583712331,72,-34.73,135.87,65.35,13.15
Stralsund,75,DE,1583712332,81,54.31,13.08,46.4,4.7
Øksfjord,75,NO,1583712333,80,70.24,22.35,35.6,19.46
Santiago,22,CL,1583712226,39,-33.46,-70.65,80.6,16.11
Alofi,65,NU,1583712335,74,-19.06,-169.92,86.0,4.7
Port Augusta,5,AU,1583712336,68,-32.5,137.77,66.2,11.41
Harper,18,LR,1583712337,93,4.38,-7.72,77.36,2.26
Jinxiang,99,CN,1583712338,89,22.86,115.7,71.01,3.89
Tilichiki,43,RU,1583712340,89,60.47,166.1,1.72,1.07
Río Cuarto,66,AR,1583712341,58,-33.13,-64.35,84.2,5.82
Lata,75,PT,1583712342,93,40.16,-8.33,55.4,4.7
Shingū,0,JP,1583712343,76,33.73,135.98,50.0,8.05
Kloulklubed,75,PW,1583712344,74,7.04,134.26,82.4,9.17
Trairi,100,BR,1583712345,91,-3.28,-39.27,75.47,1.68
Dzhebariki-Khaya,100,RU,1583712346,96,62.22,135.8,-9.92,1.25
Itaituba,100,BR,1583712347,99,-4.28,-55.98,72.59,0.56
Matara,45,LK,1583712349,91,5.95,80.54,72.59,5.79
Galveston,40,US,1583712318,72,29.37,-94.97,69.01,10.29
Abonnema,33,NG,1583712351,88,4.71,6.79,82.4,3.36
Wanning,0,CN,1583712352,84,18.8,110.4,75.58,12.64
Kiunga,100,PG,1583712353,97,-6.12,141.29,74.82,1.88
San Ignacio,75,BZ,1583712354,94,17.16,-89.07,71.6,6.93
Raudeberg,100,NO,1583712355,87,61.99,5.14,44.6,21.92
Grand Gaube,75,MU,1583712356,83,-20.01,57.66,79.0,13.87
Mana,40,GF,1583712358,86,5.66,-53.78,73.24,2.62
Padang,100,ID,1583712345,92,-0.95,100.35,69.33,2.26
Longfeng,90,CN,1583712360,85,46.55,125.12,13.78,8.21
San Andrés,40,CO,1583712219,74,12.58,-81.7,82.4,14.99
Yerbogachën,100,RU,1583712362,97,61.28,108.01,1.9,5.08
Vila Velha,75,BR,1583712363,94,-20.33,-40.29,75.2,3.36
Buin,22,CL,1583712364,39,-33.73,-70.75,84.2,16.11
Bilibino,93,RU,1583712365,73,68.05,166.44,-8.27,2.71
Chui,0,UY,1583712367,77,-33.7,-53.46,73.94,9.57
Broome,1,US,1583712368,39,42.25,-75.83,51.8,3.36
Rome,1,US,1583712185,42,43.21,-75.46,46.99,7.45
Santa Isabel Rio Negro,52,BR,1583712370,67,-0.41,-65.02,80.42,1.36
Richards Bay,0,ZA,1583712371,74,-28.78,32.04,76.57,19.48
Saurimo,100,AO,1583712372,96,-9.66,20.39,68.27,2.93
Pitimbu,54,BR,1583712373,78,-7.47,-34.81,82.4,6.93
Podgorica,90,ME,1583712234,93,42.44,19.26,44.6,9.42
Asău,100,RO,1583712375,93,46.43,26.4,43.0,4.7
Ust-Kuyga,100,RU,1583712377,92,70.02,135.6,-24.07,2.08
Unity,100,CA,1583712378,81,52.45,-109.17,3.99,3.0
Huarmey,7,PE,1583712379,65,-10.07,-78.15,74.8,4.23
Benguela,76,AO,1583712380,84,-12.58,13.41,80.01,6.15
Atambua,100,ID,1583712382,89,-9.11,124.89,75.63,1.5
Killybegs,98,IE,1583712383,89,54.63,-8.45,43.0,10.0
Cap-aux-Meules,90,CA,1583712384,79,47.38,-61.86,23.0,4.7
Palmas,100,BR,1583712334,93,-10.21,-48.36,74.64,1.19
Stann Creek Town,75,BZ,1583712387,94,16.97,-88.23,75.2,13.87
Kakhun,12,RU,1583712388,65,43.54,43.88,44.6,4.47
Ngunguru,88,NZ,1583712389,79,-35.62,174.5,73.0,7.0
Beira,0,MZ,1583712390,78,-19.84,34.84,81.03,18.07
Codrington,56,AU,1583712392,78,-38.27,141.97,59.68,17.36
Yar-Sale,98,RU,1583712393,91,66.83,70.83,4.6,13.89
Khandyga,100,RU,1583712394,96,62.67,135.6,-12.71,2.26
Sirte,0,LY,1583712396,66,31.21,16.59,53.56,13.22
Pinyug,100,RU,1583712397,99,60.25,47.78,34.25,1.01
Laas,100,IT,1583712398,73,46.62,10.7,34.0,3.36
Koson,43,UZ,1583712399,53,39.04,65.58,35.6,2.24
Rabat,0,MA,1583712400,93,33.99,-6.84,42.8,3.36
Northam,48,GB,1583712402,86,51.03,-4.22,46.99,15.01
Thap Than,0,TH,1583712403,58,15.46,99.89,76.32,1.12
Carlisle,1,US,1583712123,32,40.2,-77.19,57.2,5.82
Harlingen,40,US,1583712406,50,26.19,-97.7,77.0,13.87
Yuanping,100,CN,1583712407,74,38.72,112.76,37.35,2.82
Umluj,0,SA,1583712408,22,25.02,37.27,71.28,19.6
Ayacucho,20,PE,1583712409,37,-13.16,-74.22,71.6,8.05
Maroantsetra,100,MG,1583712410,98,-15.43,49.73,69.98,0.96
Casino,75,AU,1583712411,88,-28.87,153.05,71.6,6.93
Kajiado,75,KE,1583712413,93,-1.85,36.78,66.2,3.36
Kamalasai,0,TH,1583712415,83,16.34,103.58,69.8,2.24
Panabá,100,MX,1583712416,65,21.28,-88.27,74.53,14.65
Bariloche,29,AR,1583712392,29,-41.15,-71.31,66.2,16.11
Cockburn Town,66,TC,1583712245,71,21.46,-71.14,71.8,28.72
Caucayá,95,CO,1583712419,94,-0.19,-74.78,75.49,2.46
Brae,75,GB,1583712420,86,60.4,-1.35,42.8,18.34
Upata,73,VE,1583712421,60,8.01,-62.4,77.13,7.85
Aborlan,40,PH,1583712422,83,9.44,118.55,80.6,4.7
Vrangel',94,RU,1583712424,91,42.73,133.08,38.21,10.04
Saldanha,19,ZA,1583712425,72,-33.01,17.94,62.6,10.29
Bangui,84,CF,1583712426,83,4.36,18.55,80.6,4.7
Carson City,1,US,1583712427,34,39.16,-119.77,53.6,12.75
Ca Mau,22,VN,1583712428,80,9.18,105.15,78.35,1.77
Atlantic Beach,40,US,1583712429,87,30.33,-81.4,62.6,10.29
Yinchuan,16,CN,1583712430,24,38.47,106.27,28.99,3.0
Lexington,1,US,1583712302,37,37.99,-84.48,62.6,5.82
Ocampo,76,MX,1583712432,25,21.65,-101.5,71.29,4.81
Gushikawa,75,JP,1583712434,83,26.35,127.87,71.6,13.87
Daru,100,PG,1583712435,91,-9.08,143.21,76.26,12.3
Santa Marta,40,CO,1583712349,62,11.24,-74.2,84.2,20.8
Broken Hill,0,AU,1583712438,55,-31.95,141.43,64.4,12.75
Kozhva,2,RU,1583712439,95,65.11,57.05,13.95,2.57
Murgab,0,TM,1583712440,59,37.5,61.97,35.6,4.7
Thinadhoo,52,MV,1583712441,64,0.53,72.93,83.39,6.85
Khor,100,RU,1583712443,78,47.89,134.95,28.06,11.01
Chase,20,CA,1583712444,22,50.82,-119.69,44.6,4.7
Sinnamary,96,GF,1583712446,75,5.38,-52.95,79.63,16.2
Cañon City,1,US,1583712335,26,38.44,-105.24,71.6,18.34
Muhos,90,FI,1583712448,92,64.81,25.99,37.99,12.75
Puerto Nariño,20,CO,1583712449,83,-3.77,-70.38,82.4,2.44
Eureka,20,US,1583712292,50,40.8,-124.16,53.6,6.93
Paramonga,4,PE,1583712452,84,-10.67,-77.83,72.55,10.47
Rovinj,14,HR,1583712453,86,45.08,13.64,44.01,2.24
Mehrān,0,IR,1583712454,30,33.12,46.16,53.6,2.24
Deputatsky,100,RU,1583712455,92,69.3,139.9,-19.26,5.93
Streetsboro,1,US,1583712456,23,41.24,-81.35,59.0,4.7
Hīrna,40,ET,1583712457,47,9.22,41.1,64.09,2.46
Antsohihy,100,MG,1583712459,94,-14.88,47.99,75.22,3.71
Guaraniaçu,20,BR,1583712460,57,-25.1,-52.88,75.2,4.7
Broadstairs,20,GB,1583712462,87,51.36,1.44,46.4,11.41
Charyshskoye,100,RU,1583712463,82,51.4,83.56,17.83,5.61
Nago,75,JP,1583712464,83,26.59,127.98,71.6,13.87
Potchefstroom,16,ZA,1583712465,51,-26.72,27.1,56.91,3.02
Shihezi,0,CN,1583712177,30,44.3,86.03,26.19,4.27
San Fernando del Valle de Catamarca,84,AR,1583712467,72,-28.47,-65.79,64.06,4.68
Amapá,54,BR,1583712468,81,1.0,-52.0,74.25,4.05
Baraguá,100,CU,1583712469,60,21.7,-78.63,70.21,16.82
Anqiu,100,CN,1583712471,83,36.43,119.19,44.17,6.22
Tual,100,ID,1583712472,77,-5.67,132.75,83.1,14.79
Agde,98,FR,1583712473,87,43.31,3.48,55.0,11.41
Bershet',75,RU,1583712474,98,57.73,56.38,32.0,13.42
Hofn,0,IS,1583712475,64,64.25,-15.21,29.57,14.99
Diamantino,61,BR,1583712477,66,-14.41,-56.45,75.18,1.41
Myślenice,28,PL,1583712478,92,49.83,19.94,37.99,2.24
